1
24.56
1
17.33
1
17.81
1
28.07
1
23.16
1
19.41
1
22.53
1
14.70
2
29.92
2
17.14
2
37.25
2
31.90
2
31.80
2
41.72
2
24.59
3
28.86
3
30.01
3
44.73
3
44.43
3
41.32
3
34.16
3
28.79
6
65.39
6
57.48
6
62.85
6
69.09
6
71.44
6
57.29
6
50.42
5
52.55
5
69.50
5
55.61
5
52.98
5
65.70
5
40.11
5
45.21
5
46.63
4
29.03
4
45.00
4
53.52
4
54.38
4
47.63
4
30.11
4
44.34
4
48.95
7
85.33
7
66.73
7
68.17
7
78.94
7
61.07
7
76.71
7
78.34
7
88.25
7
64.84
8
83.82
8
75.38
8
69.40
8
84.42
8
80.68
8
60.79
8
100.08
8
74.79
9
82.90
9
105.73
9
102.13
9
119.82
9
93.93
9
102.30
10
79.82
10
90.83
10
89.00
10
83.81
10
71.79
10
76.20
10
76.30
